NodeObject(0,0,11,1,84,4,5,9,0.5827776292984372)	List((NodeObject(0,0,11,1,84,4,5,9,0.5827776292984372),1.0))
NodeObject(1,1,18,1,11,4,6,5,0.2806625912171058)	List((NodeObject(1,1,18,1,11,4,6,5,0.2806625912171058),1.0))
NodeObject(10,2,9,1,86,1,3,6,0.40733381884581055)	List((NodeObject(-1,0,0,0,0,0,0,0,0.0),-1.0))
NodeObject(11,6,6,1,26,4,6,6,0.7438853507936335)	List((NodeObject(11,6,6,1,13,4,13,6,0.650083935433136),1.0))
NodeObject(12,6,15,1,34,1,1,18,0.1484437255314459)	List((NodeObject(12,6,15,1,34,1,1,18,0.1484437255314459),1.0))
NodeObject(13,6,5,1,0,2,3,2,0.7512178587047972)	List((NodeObject(-1,0,0,0,0,0,0,0,0.0),-1.0))
NodeObject(14,5,19,1,80,3,2,17,0.6498523079692194)	List((NodeObject(-1,0,0,0,0,0,0,0,0.0),-1.0))
NodeObject(15,2,3,1,17,0,4,13,0.6807689182962665)	List((NodeObject(15,2,3,1,17,0,4,13,0.6807689182962665),1.0))
NodeObject(16,5,19,1,20,2,3,0,0.14008970054960346)	List((NodeObject(16,5,19,1,20,2,3,0,0.14008970054960346),1.0))
NodeObject(17,3,4,1,87,0,0,5,0.10701205573724826)	List((NodeObject(17,3,4,1,87,0,0,5,0.10701205573724826),1.0))
NodeObject(18,3,14,1,68,1,5,4,0.24798693717137488)	List((NodeObject(18,3,14,1,68,1,5,4,0.24798693717137488),1.0))
NodeObject(19,2,0,1,43,4,1,4,0.3004878843780977)	List((NodeObject(19,2,0,1,43,4,1,4,0.3004878843780977),1.0))
NodeObject(2,1,5,1,35,1,3,19,0.8388753742369075)	List((NodeObject(2,1,5,1,35,1,3,19,0.8388753742369075),1.0))
NodeObject(20,6,7,1,28,4,0,14,0.0628437209012701)	List((NodeObject(20,6,7,1,28,4,0,14,0.0628437209012701),1.0))
NodeObject(3,1,11,1,37,0,3,10,0.8626833376275964)	List((NodeObject(3,1,11,1,37,0,3,10,0.8626833376275964),1.0))
NodeObject(4,3,10,1,45,3,4,14,0.6810453271960514)	List((NodeObject(4,3,10,1,45,3,4,14,0.6810453271960514),1.0))
NodeObject(5,4,11,1,86,0,1,5,0.7994990274174223)	List((NodeObject(5,4,11,1,86,0,1,5,0.7994990274174223),1.0))
NodeObject(6,3,19,1,99,4,1,1,0.8144618384339453)	List((NodeObject(6,3,19,1,99,4,1,1,0.8144618384339453),1.0))
NodeObject(7,5,13,1,10,0,3,5,0.07014254745794635)	List((NodeObject(7,5,13,1,10,0,3,5,0.07014254745794635),1.0))
NodeObject(8,5,6,1,25,3,3,19,0.15238957077919457)	List((NodeObject(8,5,6,1,25,3,3,19,0.15238957077919457),1.0))
NodeObject(9,3,17,1,34,1,4,5,0.20299478743204047)	List((NodeObject(9,3,17,1,34,1,4,5,0.20299478743204047),1.0))
